vn-decode --summary testdata/turku-truck-2020-11-26-slice.csv  (2026-10-08)

PGN     name   SA    messages    TP    period ms
53248          230         97     0        200.0
57344          230         19     0       1000.1
58624          168        194     0        100.0
58624          176        194     0        100.0
58624          184        194     0        100.0
58624          192        194     0        100.0
58624          200        194     0        100.0
61441   EBC1   230        194     0        100.0
61442   ETC1   230       1942     0         10.0
61443   EEC2   230        390     0         50.0
61444   EEC1   230        972     0         20.0
61445   ETC2   230        194     0        100.0
61446          230         39     0        500.0
61449          230       1945     0         10.0
64777   HRLFC  230         20     0       1000.1
64789          230        194     0        100.0
64892          230         20     0       1000.1
64964          230        196     0        100.0
65088          246        195     0        100.0
65110          230         20     0       1000.0
65113          230        194     0        100.0
65114          230        196     0        100.0
65116          168        194     0        100.0
65116          176        194     0        100.0
65116          184        194     0        100.0
65116          192        194     0        100.0
65116          200        195     0        100.0
65132   TCO1   230        389     0         50.0
65134          230        970     0         20.0
65198          230         20     0        905.3
65217   VDHR   230         20     0       1000.0
65219          230         20     0       1000.1
65220          168        195     0        100.0
65220          176        194     0        100.0
65220          184        194     0        100.0
65220          192        196     0        100.0
65220          200        196     0        100.0
65253   HOURS  230          4     0            -
65254   TD     230         40     0        500.0
65260          230          2     2            -
65262   ET1    230         20     0       1000.0
65263   EFL/P1 230         39     0        500.0
65265   CCVS1  230        194     0        100.0
65266   LFE1   230        194     0        100.0
65269   AMB    230         20     0       1000.0
65272          230         20     0       1000.0
65276   DD     230         19     0       1000.1
65301          230        194     0        100.0
65311          230        196     0        100.0
65375          230         20     0       1000.0
65402          230         39     0        500.0
65408          230       1994     0          9.8
65424          83         200     0         98.0
65428          230         20     0       1000.1
65429          230         19     0       1000.0
65439          230         20     0       1000.0
65450          230         38    38        499.5
65503          230         10     0       2000.1
65520          230          4     0            -
65521          230          4     0            -
130901         230        389     0         50.0
130904         230        388     0         50.0
130905         230        196     0        100.0
130908         230        195     0        100.0

frames 15766, unparsed lines 0
single-frame messages 15600
BAM started 42, completed 40; RTS started 0, completed 0; CTS 0, EndOfMsgAck 0
transport problems: timeouts 2, sequence errors 0, bad announcements 0, aborts 0, replaced 0, orphan data 0, malformed 0, rejected (too many sessions) 0
